Techniques=DPX@DPX.fx,Levels@Levels.fx,CA@ChromaticAberration.fx,Vignette@Vignette.fx

[ChromaticAberration.fx]
Shift=2.500000,-0.500000
Strength=0.500000

[DPX.fx]
Colorfulness=2.500000
Contrast=0.170000
RGB_C=0.390000,0.355000,0.300000
RGB_Curve=8.000000,8.000000,8.000000
Saturation=2.500000
Strength=0.275000

[Levels.fx]
BlackPoint=8
HighlightClipping=0
WhitePoint=235

[Vignette.fx]
Amount=-1.000000
Center=0.500000,0.500000
Radius=2.000000
Ratio=1.000000
Slope=2
Type=0

